%!PS-Adobe-3.0 EPSF-3.0
%%BoundingBox: 29 12 437 312
%%HiResBoundingBox: 29.600000 12.700000 436.700000 311.800000
%.....................................
%%Creator: GPL Ghostscript 862 (epswrite)
%%CreationDate: 2009/04/16 16:13:29
%%DocumentData: Clean7Bit
%%LanguageLevel: 2
%%EndComments
%%BeginProlog
% This copyright applies to everything between here and the %%EndProlog:
% Copyright (C) 2008 Artifex Software, Inc.  All rights reserved.
%%BeginResource: procset GS_epswrite_2_0_1001 1.001 0
/GS_epswrite_2_0_1001 80 dict dup begin
/PageSize 2 array def/setpagesize{ PageSize aload pop 3 index eq exch
4 index eq and{ pop pop pop}{ PageSize dup  1
5 -1 roll put 0 4 -1 roll put dup null eq {false} {dup where} ifelse{ exch get exec}
{ pop/setpagedevice where
{ pop 1 dict dup /PageSize PageSize put setpagedevice}
{ /setpage where{ pop PageSize aload pop pageparams 3 {exch pop} repeat
setpage}if}ifelse}ifelse}ifelse} bind def
/!{bind def}bind def/#{load def}!/N/counttomark #
/rG{3{3 -1 roll 255 div}repeat setrgbcolor}!/G{255 div setgray}!/K{0 G}!
/r6{dup 3 -1 roll rG}!/r5{dup 3 1 roll rG}!/r3{dup rG}!
/w/setlinewidth #/J/setlinecap #
/j/setlinejoin #/M/setmiterlimit #/d/setdash #/i/setflat #
/m/moveto #/l/lineto #/c/rcurveto #
/p{N 2 idiv{N -2 roll rlineto}repeat}!
/P{N 0 gt{N -2 roll moveto p}if}!
/h{p closepath}!/H{P closepath}!
/lx{0 rlineto}!/ly{0 exch rlineto}!/v{0 0 6 2 roll c}!/y{2 copy c}!
/re{4 -2 roll m exch dup lx exch ly neg lx h}!
/^{3 index neg 3 index neg}!
/f{P fill}!/f*{P eofill}!/s{H stroke}!/S{P stroke}!
/q/gsave #/Q/grestore #/rf{re fill}!
/Y{P clip newpath}!/Y*{P eoclip newpath}!/rY{re Y}!
/|={pop exch 4 1 roll 1 array astore cvx 3 array astore cvx exch 1 index def exec}!
/|{exch string readstring |=}!
/+{dup type/nametype eq{2 index 7 add -3 bitshift 2 index mul}if}!
/@/currentfile #/${+ @ |}!
/B{{2 copy string{readstring pop}aload pop 4 array astore cvx
3 1 roll}repeat pop pop true}!
/Ix{[1 0 0 1 11 -2 roll exch neg exch neg]exch}!
/,{true exch Ix imagemask}!/If{false exch Ix imagemask}!/I{exch Ix image}!
/Ic{exch Ix false 3 colorimage}!
/F{/Columns counttomark 3 add -2 roll/Rows exch/K -1/BlackIs1 true>>
/CCITTFaxDecode filter}!/FX{<</EndOfBlock false F}!
/X{/ASCII85Decode filter}!/@X{@ X}!/&2{2 index 2 index}!
/@F{@ &2<<F}!/@C{@X &2 FX}!
/$X{+ @X |}!/&4{4 index 4 index}!/$F{+ @ &4<<F |}!/$C{+ @X &4 FX |}!
/IC{3 1 roll 10 dict begin 1{/ImageType/Interpolate/Decode/DataSource
/ImageMatrix/BitsPerComponent/Height/Width}{exch def}forall
currentdict end image}!
/~{@ read {pop} if}!
end def
%%EndResource
/pagesave null def
%%EndProlog
%%Page: 1 1
%%BeginPageSetup
GS_epswrite_2_0_1001 begin
/pagesave save store 197 dict begin
0.1 0.1 scale
%%EndPageSetup
gsave mark
Q q
0 0 4880 3540 re
Y
255 G
-310 -2990 5760 7340 re
f
15 w
1 J
1 j
0.6 i
K
1850 3360 0 -2970 S
140 750 196.5 0 S
346.16 726.67 m
-12.89 12.88 -12.89 33.78 0 46.66 c
12.89 12.89 33.78 12.89 46.67 0 c
12.89 -12.88 12.89 -33.78 0 -46.66 c
-12.89 -12.89 -33.78 -12.89 -46.67 0 c
f
0 J
0 j
346.16 726.67 m
-12.89 12.88 -12.89 33.78 0 46.66 c
12.89 12.89 33.78 12.89 46.67 0 c
12.89 -12.88 12.89 -33.78 0 -46.66 c
-12.89 -12.89 -33.78 -12.89 -46.67 0 c
S
1 J
1 j
410 750 646.5 0 S
1066.17 726.67 m
-12.89 12.88 -12.89 33.78 0 46.66 c
12.88 12.89 33.78 12.89 46.66 0 c
12.89 -12.88 12.89 -33.78 0 -46.66 c
-12.88 -12.89 -33.78 -12.89 -46.66 0 c
f
0 J
0 j
1066.17 726.67 m
-12.89 12.88 -12.89 33.78 0 46.66 c
12.88 12.89 33.78 12.89 46.66 0 c
12.89 -12.88 12.89 -33.78 0 -46.66 c
-12.88 -12.89 -33.78 -12.89 -46.66 0 c
S
1 J
1 j
1130 750 1350 0 0 0 S
2543.83 773.33 m
12.89 -12.88 12.89 -33.78 0 -46.66 c
-12.88 -12.89 -33.78 -12.89 -46.66 0 c
-12.89 12.88 -12.89 33.78 0 46.66 c
12.88 12.89 33.78 12.89 46.66 0 c
f
0 J
0 j
2543.83 773.33 m
12.89 -12.88 12.89 -33.78 0 -46.66 c
-12.88 -12.89 -33.78 -12.89 -46.66 0 c
-12.89 12.88 -12.89 33.78 0 46.66 c
12.88 12.89 33.78 12.89 46.66 0 c
S
1 J
1 j
2480 750 1006.5 0 S
3496.17 726.67 m
-12.89 12.88 -12.89 33.78 0 46.66 c
12.88 12.89 33.78 12.89 46.66 0 c
12.89 -12.88 12.89 -33.78 0 -46.66 c
-12.88 -12.89 -33.78 -12.89 -46.66 0 c
f
0 J
0 j
3496.17 726.67 m
-12.89 12.88 -12.89 33.78 0 46.66 c
12.88 12.89 33.78 12.89 46.66 0 c
12.89 -12.88 12.89 -33.78 0 -46.66 c
-12.88 -12.89 -33.78 -12.89 -46.66 0 c
S
1 J
1 j
3560 750 646.5 0 S
4216.17 726.67 m
-12.89 12.88 -12.89 33.78 0 46.66 c
12.88 12.89 33.78 12.89 46.66 0 c
12.89 -12.88 12.89 -33.78 0 -46.66 c
-12.88 -12.89 -33.78 -12.89 -46.66 0 c
f
0 J
0 j
4216.17 726.67 m
-12.89 12.88 -12.89 33.78 0 46.66 c
12.88 12.89 33.78 12.89 46.66 0 c
12.89 -12.88 12.89 -33.78 0 -46.66 c
-12.88 -12.89 -33.78 -12.89 -46.66 0 c
S
1 J
1 j
4280 750 450 0 S
338 484 47 85 /7I
$C
.0C,L'H2Z4WiMj3o-!mCN"+4eeUG:5s8W-!s8W-!s8W-!q;?,irum*rs8W-!s8D~>
,
401 425 50 88 /2U
$C
/e"BPj?S4ps8W-!s8W-!s8W-!s8W-!s8W-!/e&p&s.0Xu$o>`YmsFs3If~>
,
1053 484 7I ,
1107 425 62 89 /0C
$C
0Elt+r.5"+]+3Z/E8A,9h7IX^]654,G4"%n%GS@0h7_RV]6<X]GIN"XGP;(1s8W+)H/uU,d_f<I
_1]%$EZ*0->1U(j6OF5NX:.Wb_u~>
,
2527 484 7I ,
2581 423 61 91 /3E
$C
+TotsU-f-P+Q.m(%t!1(%Jf'$XlMNuJe*Ok'B(m'nSd<'s8W(bY,PG7V$*V[1i!I,$R)'(A/jhF
%Rbi(((<L=DV_pKh=pmJYOfrT>W'F#0Xtn[^r;D\N[n;aTnN]D_+J[hOFXt~>
,
3536 484 7I ,
3583 425 72 87 /0K
$C
+^tENs8W-!s8W,^_"Ia-,)Hll?b_*XpAO^^ID5Zohf%Cj\)4[LmJH;EqtBo8^O<iRIc#(Qn$gs<
Hf*]S^$kE7~>
,
4250 484 7I ,
4305 423 62 89 /3M
$C
+TWpo0-PsAco#5:#X.X'aDCU4_KUS@i.KuIKHCN5/hPu8s4dSR>4qNg>#;On'$/7tHIf=.KnY-"
1kUmdJ,fQKs8W-!r.-!js8Vu~>
,
296 921 62 91 /1B
$C
3#DVps8W-!s8V0<r:"O\KAd&kHf"M0JJu04D[8:T+1L.bIc(&"s*sqEs8W-!s8W,ls6KW5f@JOa
_b4ct$"8P/AU;=CKcP?HCUM&b0VTC^1^O~>
,
379 885 2U ,
1038 921 1B ,
1112 885 0C ,
2456 921 1B ,
2529 883 3E ,
3450 921 1B ,
3516 885 0K ,
4192 921 1B ,
4266 883 3M ,
1850 1290 606 0 S
2544 1290 -88 33 0 -66 H
f
0 J
0 j
2544 1290 -88 33 0 -66 H
2544 1290 S
1 J
1 j
1244 1290 606 0 S
1156 1290 88 -33 0 66 H
f
0 J
0 j
1156 1290 88 -33 0 66 H
1156 1290 S
1 J
1 j
524 1920 2832 0 S
3444 1920 -88 33 0 -66 H
f
0 J
0 j
3444 1920 -88 33 0 -66 H
3444 1920 S
436 1920 88 -33 0 66 H
f
436 1920 88 -33 0 66 H
436 1920 S
1 J
1 j
1850 2550 2316 0 S
4254 2550 -88 33 0 -66 H
f
0 J
0 j
4254 2550 -88 33 0 -66 H
4254 2550 S
1366 1489 7I ,
1421 1430 0C ,
1497 1466 1B ,
1572 1430 0C ,
1186 2124 7I ,
1249 2065 2U ,
1317 2101 1B ,
1400 2065 2U ,
2086 1489 7I ,
2141 1428 3E ,
2217 1466 1B ,
2292 1428 3E ,
2431 2124 7I ,
2478 2065 0K ,
2562 2101 1B ,
2629 2065 0K ,
2806 2759 7I ,
2861 2698 3M ,
2937 2736 1B ,
3012 2698 3M ,
486 3030 72 87 /5Q
$C
4;=%_lh^UlrkGZ&qYn7(*.RflqHfNfQi<?NQi<?NQi<?NQi<>Js/#als/#als/#als/#all$qrI
l$qrIl$qrIl$qrDrH_i@?e=uLIp^b~>
,
576 3028 60 69 /2U
$C
,#kKMO@1l9#TOt+K;T)\d1(oZ!X<UpkTG1;n:T."Vl8mIeUG:+qYq[?C]D-m"nuC&rNG\W/bet(
[C3\>_b.fS@)4?.C=T7te1dQ36%XU~>
,
647 3005 58 92 /5U
$C
-,\#Y@V?3iK>ZOepUl4ma?^=^Ol2f_hVJ/)rVjlgp`^U'":n964U7m_Tr`eYTLPU-#Wb983^N#\
lh]65YQ*5Ss8W+Ks6o^Np[>fmg[AR)C__R+NSWAO+OKVp_1ZS5_2r]q~>
,
722 3028 56 69 /2Y
$C
22%(,Ld9)aKH>cmH?p)t6]f];6%*^)U`P08H4I-nrI9=op\jLKp)_-42@-T+KNQ.%E8][95W'--
DF"@(V>Yf8Q4,B6;91&!(%n\;C)BhcAk9^H~>
,
786 3029 7I ,
841 3030 17 88 /5Y
$C
3#DVps8W-!s8W-!s8W-!s8W-!s8W-!s8G7\fI-_!hu~>
,
866 3030 69 65 /3C
$C
,@P<_n'gseVsBG>^@f0^I:%<W]"YB@Dd?`,]!niEs'8j\<r]>)l`Kp5<rYehl`5N3IJ)1gd_>SD
IHb(r~>
,
945 3028 2U ,
1059 3030 100 67 /6C
$C
3#%>U,=-hZs8W-!s8W-!s8W-!s8W-!s8W-!s8W-!s8W-!s8W-!s'O@G]A]F2h=tY@_a1FB6%lN]
?:.N`OC3'3&!3R?iMO4Qph?lL$nfC+6l84D"pfd35Q~>
,
1176 3028 61 69 /3G
$C
.`+brcNF^hE.b%pcueSA#XcE1F:`>Rl+0URlfl**Du+eZp%SLPs53kVs'NP@s(hM`?2gt0mA8Cf
>?_OgV.#(`)?![<<ioJ#e1dSJOF`2~>
,
1249 3030 6C ,
1365 3028 2U ,
1437 3030 60 67 /6G
$C
3#%2Qs8W-!s8W-!s8W-!s8W-!s8W,tJ,fBFqX<<r]<!m->Sp*WQi'q+='_u\%<0o.6nk:M5Q~>
,
1505 3029 7I ,
1560 3028 52 69 /3K
$C
--ARaP<d?D#7*::6190A&Z6c5h?Z&npeB^2]IlDJWn%puK#o]"-,VKQ#,igS6;W9,W%&q==s91A
6+THO37J]Y"g>-0jAg&7(L_J&fIdRJaCkI3pV!M66NmZ[5\*,B~>
,
2141 3030 63 87 /6L
$C
4;\%ts8W-!s8W-!s8O7<&joc34?P_hms,6ZjLAj\h[eK/p[._Dn%\o%huE`U^Xr>^V:VnDKXb=p
@^W=R$O[=GOO=C~>
,
2213 3028 3G ,
2286 3028 3K ,
2349 3030 5Y ,
2374 3029 7I ,
2429 3030 5Y ,
2454 3030 3C ,
2533 3028 2U ,
2647 3030 6C ,
2763 3028 3G ,
2836 3030 6C ,
2953 3028 2U ,
3024 3030 6G ,
3092 3029 7I ,
3148 3028 3K ,
1076 150 63 87 /3Q
$C
4:<82r.P=Ss8W-!s8W-!s8W+\=>g-Yj<u\]s8W-!s8W,[((Gcnn,~>
,
1160 127 30 114 /6Q
$C
-D8cdr.G[^s8W-!s8W-!s8W-!s8W-!s8W-!s8W-!s8W-!s8W-!s8W,[)@_2r~>
,
1198 150 80 87 /3U
$C
4:"9)gT.L*[oZ2Um]MhiBjE6<d^iKXV/7aVdb7diV6mG\95._7XgGcG>A8Dl[OYFeCYH2h:7gcI
FeT.'drjn6VX&>r:"JPmS#t+b:%mgnS*eY8:YV^fT=7GXqJMSK]fdmHH?rXn^]~>
,
1289 127 34 114 /6U
$C
2@Uc.PlX,Ls8W-!s8W-!s8W-!s8W-!s8W-!s8V[udJrt~>
,
1393 171 70 34 /3Y
$C
-D5X6s6"bKs8G_Xo)J^~>
,
1526 148 3K ,
1588 148 59 67 /6Y
$C
+N0N&`"6J\:j>:i4Zs&,L9_2L5m,J[%Zl!a55"dPs7QEls8W-!s8W-!s8W-!s8W-!s8RT~>
,
1664 150 6C ,
1823 148 3G ,
1888 150 48 92 /4C
$C
+bfsrs8W-!s8W-!s8W-!s8W-!s8W#dCOcBaaC0Sts6opDHaeVU2E0II3,mqp,Q~>
,
1980 150 6C ,
2097 148 3G ,
2170 150 6C ,
2287 148 2U ,
2358 150 6G ,
2426 149 7I ,
2482 148 3K ,
2594 171 3Y ,
2727 149 53 68 /7C
$C
+TR<@E'W@aKH2pM6o38B)M&GbkTKL<+S=n'VpbFFqXsmgs8Vur^O?!/C?oWe<l2`]_[=9b@s<,*
-t,IH"q!qWJ,~>
,
2789 148 2U ,
2861 150 6G ,
2929 149 7I ,
2984 148 2U ,
3055 150 46 65 /4G
$C
3#DVps8W-!s8W-!s8W-!s8W,U*q8oZK38W+a!!tA^)q_d*tO!S~>
,
3149 148 3G ,
3214 150 4C ,
3306 150 6C ,
3423 148 2Y ,
3495 148 3K ,
3558 148 3K ,
cleartomark end end pagesave restore
 showpage
%%PageTrailer
%%Trailer
%%Pages: 1
